TSP Solver Comparison Results - Sun Jun  1 14:11:18 -03 2025
=======================================

========================================
Arquivo: ex01.in
Cidades: 58 | Iterações: 2000 | Restarts: 20 | Seed: 17
========================================
VERSÃO LINEAR:
Best tour found: 0 17 43 57 23 56 11 22 4 26 42 48 46 50 51 9 34 40 1 53 54 47 2 28 32 44 55 45 33 14 36 13 27 5 18 25 16 35 20 38 10 30 6 37 41 15 21 7 3 49 52 19 31 8 24 39 12 29 
Tour length: 25395
Tempo Linear: 0.352 segundos

VERSÃO PARALELA:
Using 8 threads
Best tour found: 0 17 43 57 23 56 11 22 4 26 42 48 46 50 51 9 34 40 1 53 54 47 2 28 32 44 55 45 33 14 36 13 27 5 18 25 16 35 20 38 10 30 6 37 41 15 21 7 3 49 52 19 31 8 24 39 12 29 
Tour length: 25395
Tempo Paralelo: 0.127 segundos

COMPARAÇÃO:
Speedup: 2.76
Qualidade: Iguais


========================================
Arquivo: ex02.in
Cidades: 3 | Iterações: 2000 | Restarts: 20 | Seed: 17
========================================
VERSÃO LINEAR:
Best tour found: 0 2 1 
Tour length: 0.3
Tempo Linear: 0.010 segundos

VERSÃO PARALELA:
Using 8 threads
Best tour found: 0 2 1 
Tour length: 0.3
Tempo Paralelo: 0.012 segundos

COMPARAÇÃO:
Speedup: .83
Qualidade: Iguais


========================================
Arquivo: ex03.in
Cidades: 561 | Iterações: 1200 | Restarts: 20 | Seed: 17
========================================
VERSÃO LINEAR:
Best tour found: 0 323 330 331 329 324 325 326 328 327 157 158 480 481 165 168 468 303 245 502 292 263 518 557 229 309 244 239 216 196 257 94 180 181 50 184 130 54 41 87 204 32 182 45 71 46 93 225 241 82 39 56 44 2 38 10 9 26 35 17 27 14 7 63 6 24 65 18 13 40 51 97 84 23 34 60 100 53 57 183 177 42 99 194 72 89 33 61 4 11 19 5 15 76 206 83 1 37 69 91 43 171 173 117 121 125 116 120 210 129 179 111 114 110 190 122 162 112 119 163 159 160 479 147 251 301 149 144 169 276 287 269 489 470 453 405 404 400 418 417 353 351 349 348 332 345 344 343 342 346 347 335 350 352 354 355 339 357 370 429 432 439 383 365 341 427 379 359 364 367 380 366 431 447 358 378 395 542 554 545 472 539 230 255 237 285 283 143 498 494 499 560 559 234 238 305 504 278 304 507 508 267 228 298 284 474 473 386 372 394 369 448 376 388 421 423 406 434 459 475 493 522 240 547 492 490 449 408 407 282 148 506 520 268 220 252 202 189 124 175 211 92 85 218 146 222 290 246 243 519 527 548 462 535 259 503 528 538 478 526 393 377 410 497 280 214 123 178 118 174 47 203 172 106 113 126 224 258 299 219 79 49 77 67 81 31 66 101 64 25 16 22 98 74 176 36 62 8 20 73 75 205 103 226 316 139 186 310 188 195 217 145 513 469 515 455 371 445 436 430 466 247 170 293 501 552 534 321 288 275 505 510 529 536 306 307 532 533 541 471 555 457 385 437 516 414 413 458 496 491 464 517 553 544 461 465 416 441 381 454 476 540 537 231 524 322 318 312 137 150 192 208 128 95 199 262 197 140 166 167 136 191 215 308 266 295 296 277 248 249 227 265 274 311 320 264 260 131 155 154 156 161 115 138 223 134 127 261 521 523 438 411 443 433 360 363 422 425 403 401 399 398 402 397 333 336 362 456 556 368 375 387 392 424 428 444 415 450 440 356 361 338 419 334 391 420 337 373 549 551 452 442 382 374 435 446 389 412 460 467 546 281 250 319 317 198 200 315 313 279 233 286 550 486 485 495 511 297 271 273 531 232 289 256 207 294 151 201 88 104 209 135 500 512 530 409 514 509 142 221 253 314 302 164 133 132 213 270 242 254 558 463 543 396 340 426 384 482 483 484 487 488 300 141 235 236 291 477 451 390 525 272 96 187 102 52 68 58 78 193 212 86 21 30 29 12 90 28 3 59 80 70 48 55 185 109 107 108 153 105 152 
Tour length: 15509
Tempo Linear: 54.647 segundos

VERSÃO PARALELA:
Using 8 threads
Best tour found: 0 152 154 156 163 160 159 481 480 158 157 399 400 404 482 484 483 487 488 415 460 551 528 549 476 474 507 529 242 313 222 503 558 543 553 462 450 444 552 320 217 226 298 265 280 233 272 221 189 185 211 64 54 47 173 172 109 187 115 110 118 56 51 87 45 74 73 33 57 62 10 9 6 20 17 19 26 27 11 4 35 76 25 23 32 40 52 88 44 66 104 94 121 199 262 100 22 69 82 93 98 212 188 184 206 125 178 175 176 53 177 183 203 65 61 67 31 72 205 260 91 55 181 49 46 75 70 97 180 41 171 95 84 186 129 210 254 133 145 140 132 120 119 114 111 196 77 202 244 304 146 290 198 252 85 30 90 78 34 24 18 16 7 12 83 60 13 15 5 8 3 39 37 50 174 99 68 89 182 218 193 124 81 208 48 38 2 36 29 59 28 21 80 58 79 225 123 138 139 128 209 150 275 148 297 508 496 251 231 466 518 228 470 464 510 291 489 308 245 168 137 502 286 531 550 537 248 147 170 268 534 130 195 151 236 294 500 232 167 479 166 165 135 535 321 322 263 317 264 250 530 515 495 273 295 296 136 215 201 103 190 164 162 161 155 108 153 105 107 106 113 131 134 192 216 220 241 305 560 516 436 463 380 364 422 429 370 441 437 374 413 493 491 239 249 246 505 372 465 536 532 475 359 373 366 362 357 449 513 524 544 393 439 360 355 423 435 410 456 394 277 197 127 42 207 204 63 126 96 92 224 279 102 116 112 117 122 86 14 43 71 191 303 247 141 316 501 240 255 314 533 506 559 169 261 281 267 243 214 144 497 485 486 416 409 494 523 142 234 266 293 289 446 538 237 545 556 499 542 514 473 454 368 432 430 433 350 347 348 340 391 367 448 406 387 390 477 378 334 338 352 365 421 428 431 383 443 457 459 452 527 287 302 288 511 548 492 414 458 468 445 424 434 386 371 339 403 401 402 418 417 397 328 333 419 335 332 349 354 345 331 329 326 325 324 323 330 344 343 342 346 351 353 358 379 336 337 420 425 389 447 375 471 395 455 555 469 517 369 384 427 440 478 451 461 541 509 547 521 292 310 311 526 490 522 229 301 219 213 318 143 299 235 540 227 309 300 283 554 285 276 312 306 238 230 539 512 525 284 307 315 257 258 179 194 253 200 101 259 269 270 223 274 546 271 278 319 519 504 256 149 498 392 467 377 472 557 412 385 442 438 411 405 407 408 520 282 388 382 381 426 376 453 363 396 361 356 341 398 327 1 
Tour length: 16326
Tempo Paralelo: 15.502 segundos

COMPARAÇÃO:
Speedup: 3.52
Qualidade: Linear melhor

